[Sound]
all = 0.6599999999999999
bm = 0.79
se = 0.6599999999999999

